하노이 탑 점화식

1. 
n = 1 

a   b   c
0   0   1

1 3

result = 1

2.
n = 2

a   b   c
1   1   0
0   1   1
0   0   2

1 2
1 3 ------------
2 3

result = 3

3.
n = 3

a   b   c
2   0   1
1   1   1
1   2   0
0   2   1
1   1   1
1   0   2
0   0   3

1 3
1 2
3 2
1 3 -------------
2 1
2 3
1 3

result = 7

4. 
n = 4

a   b   c
3   1   0
2   1   1
2   0   2
1   1   2
2   1   1
2   2   0
1   3   0
0   3   1
0   2   2
1   1   2
2   1   1
2   0   2
1   1   2
0   1   3
0   0   4

1 2
1 3
2 3
1 2
3 1
3 2
1 2
1 3 ---------------
2 3
2 1
3 1
2 3
1 2
1 3
2 3


result = 15








n이 주어졌을 때 하노이 탑을 옮기는데 필요한 수행 횟수는 2^n - 1
1. n-1개의 판을 옮기고 
2. 맨 아랫 판을 3번으로 옮기고 
3. 나머지 판을 순서에 맞게 옮긴다.


